
glove 6B, 50dims:   

{'AVP': 46.70384866275277,
 'top1': 0.30267449445531636,
 'top10': 0.5437051532941944,
 'top2': 0.3930202217873451,
 'top20': 0.6112198303979126,
 'top3': 0.4386823222439661,
 'top5': 0.4885844748858447,
 'top50': 0.6960208741030659}
Number aliases found in model                   3066
Number aliases NOT found in model               429

